10 32 254.820276
10 64 508.262774
10 128 971.851852
10 256 2176.334204
10 512 4331.279373
10 1024 8111.686275

14 32 249.247002
14 64 515.801980
14 128 990.426230
14 256 2053.019608
14 512 4177.920000
14 1024 8417.844612

18 32 249.263158
18 64 508.334129
18 128 1026.515971
18 256 2063.170370
18 512 4506.710027
18 1024 8294.144638

22 32 267.239024
22 64 544.000000
22 128 1070.545455
22 256 1994.867925
22 512 3998.243437
22 1024 8172.068127

26 32 251.661017
26 64 507.794661
26 128 1097.142857
26 256 2094.428212
26 512 4002.697039
26 1024 7919.581948
