10 32 1918.555305
10 64 4106.063882
10 128 8462.294416
10 256 1009.406176
10 512 528.230548
10 1024 262.009390

14 32 1923.739326
14 64 4283.603053
14 128 7469.176471
14 256 1080.387665
14 512 532.959064
14 1024 274.813648

18 32 1928.930233
18 64 3699.315315
18 128 7814.488479
18 256 988.689655
18 512 567.529412
18 1024 252.791980

22 32 2121.142857
22 64 3930.603325
22 128 8054.484412
22 256 1091.546174
22 512 530.715405
22 1024 238.222222

26 32 2275.555556
26 64 4436.418231
26 128 8421.877551
26 256 1024.000000
26 512 496.941176
26 1024 273.796791