10 32 4068.081792
10 64 7851.633617
10 128 2064.400400
10 256 1070.451613
10 512 541.830508
10 1024 260.673428

14 32 3766.989170
14 64 8298.816449
14 128 1982.869258
14 256 973.623463
14 512 506.345382
14 1024 255.488511

18 32 4195.801015
18 64 8590.575569
18 128 2004.383349
18 256 1037.392354
18 512 526.658487
18 1024 260.968335

22 32 4182.709677
22 64 8470.409887
22 128 1951.074496
22 256 1025.013861
22 512 516.075622
22 1024 261.278351

26 32 4089.498413
26 64 8374.228514
26 128 2091.033429
26 256 1049.072165
26 512 507.976424
26 1024 250.189155